    10000.35     -3.20      0.00
       -0.58      0.03      0.81
       -0.59      0.03      0.81
       -0.59      0.03      0.82
       -0.64      0.03      0.85
       -0.69      0.03      0.88
       -0.76      0.03      0.92
       -0.85      0.03      0.96
       -0.96      0.03      1.01
       -1.10      0.04      1.05
       -1.27      0.04      1.10
       -1.48      0.04      1.13
       -1.73      0.04      1.13
       -2.03      0.04      1.10
       -2.36      0.04      0.99
       -2.53      0.03      0.91
       -2.70      0.03      0.79
       -2.86      0.02      0.65
       -3.02      0.02      0.46
       -3.13      0.01      0.24
       -3.20      0.00      0.00
       -3.20      0.00      0.00
       -3.21     -0.01     -0.25
       -3.17     -0.02     -0.49
       -3.07     -0.03     -0.72
       -2.92     -0.04     -0.93
       -2.74     -0.05     -1.09
       -2.56     -0.05     -1.21
       -2.37     -0.06     -1.29
       -2.19     -0.06     -1.35
       -2.02     -0.06     -1.38
       -1.69     -0.07     -1.40
       -1.41     -0.07     -1.36
       -1.19     -0.07     -1.31
       -1.00     -0.06     -1.24
       -0.86     -0.06     -1.18
       -0.74     -0.06     -1.12
       -0.65     -0.06     -1.06
       -0.57     -0.05     -1.01
       -0.51     -0.05     -0.97
       -0.46     -0.04     -0.94
       -0.45     -0.04     -0.93
       -0.44     -0.04     -0.93
       -0.43     -0.04     -0.92
       -0.42     -0.04     -0.91
       -0.41     -0.04     -0.91
